FoamFile
{
    version     2.0;
    format      ascii;
    class       labelList;
    location    "constant/polyMesh";
    object      owner;
}

14522     
(
 0 1 2 3 4 5 6 7 8 9
 10 11 12 13 14 15 16 17 18 19
 20 21 22 23 24 25 26 27 28 29
 30 31 32 33 34 35 36 37 38 39
 40 41 42 43 44 45 46 47 48 49
 50 51 52 53 54 55 56 57 58 59
 60 61 0 62 0 1 64 2 65 3
 66 4 67 5 68 6 69 7 70 8
 71 9 72 10 73 11 74 12 75 13
 76 14 77 15 78 16 79 17 80 18
 81 19 82 20 83 21 84 22 85 23
 86 24 87 25 88 26 89 27 90 28
 91 29 92 30 93 31 94 32 95 33
 96 34 97 35 98 36 99 37 100 38
 101 39 102 40 103 41 104 42 105 43
 106 44 107 45 108 46 109 47 110 48
 111 49 112 50 113 51 114 52 115 53
 116 54 117 55 118 56 119 57 120 58
 121 59 122 60 123 61 124 62 125 63
 64 126 64 65 128 66 129 67 130 68
 131 69 132 70 133 71 134 72 135 73
 136 74 137 75 138 76 139 77 140 78
 141 79 142 80 143 81 144 82 145 83
 146 84 147 85 148 86 149 87 150 88
 151 89 152 90 153 91 154 92 155 93
 156 94 157 95 158 96 159 97 160 98
 161 99 162 100 163 101 164 102 165 103
 166 104 167 105 168 106 169 107 170 108
 171 109 172 110 173 111 174 112 175 113
 176 114 177 115 178 116 179 117 180 118
 181 119 182 120 183 121 184 122 185 123
 186 124 187 125 188 126 189 127 128 190
 128 129 192 130 193 131 194 132 195 133
 196 134 197 135 198 136 199 137 200 138
 201 139 202 140 203 141 204 142 205 143
 206 144 207 145 208 146 209 147 210 148
 211 149 212 150 213 151 214 152 215 153
 216 154 217 155 218 156 219 157 220 158
 221 159 222 160 223 161 224 162 225 163
 226 164 227 165 228 166 229 167 230 168
 231 169 232 170 233 171 234 172 235 173
 236 174 237 175 238 176 239 177 240 178
 241 179 242 180 243 181 244 182 245 183
 246 184 247 185 248 186 249 187 250 188
 251 189 252 190 253 191 192 254 192 193
 256 194 257 195 258 196 259 197 260 198
 261 199 262 200 263 201 264 202 265 203
 266 204 267 205 268 206 269 207 270 208
 271 209 272 210 273 211 274 212 275 213
 276 214 277 215 278 216 279 217 280 218
 281 219 282 220 283 221 284 222 285 223
 286 224 287 225 288 226 289 227 290 228
 291 229 292 230 293 231 294 232 295 233
 296 234 297 235 298 236 299 237 300 238
 301 239 302 240 303 241 304 242 305 243
 306 244 307 245 308 246 309 247 310 248
 311 249 312 250 313 251 314 252 315 253
 316 254 317 255 256 318 256 257 320 258
 321 259 322 260 323 261 324 262 325 263
 326 264 327 265 328 266 329 267 330 268
 331 269 332 270 333 271 334 272 335 273
 336 274 337 275 338 276 339 277 340 278
 341 279 342 280 343 281 344 282 345 283
 346 284 347 285 348 286 349 287 350 288
 351 289 352 290 353 291 354 292 355 293
 356 294 357 295 358 296 359 297 360 298
 361 299 362 300 363 301 364 302 365 303
 366 304 367 305 368 306 369 307 370 308
 371 309 372 310 373 311 374 312 375 313
 376 314 377 315 378 316 379 317 380 318
 381 319 320 382 320 321 384 322 385 323
 386 324 387 325 388 326 389 327 390 328
 391 329 392 330 393 331 394 332 395 333
 396 334 397 335 398 336 399 337 400 338
 401 339 402 340 403 341 404 342 405 343
 406 344 407 345 408 346 409 347 410 348
 411 349 412 350 413 351 414 352 415 353
 416 354 417 355 418 356 419 357 420 358
 421 359 422 360 423 361 424 362 425 363
 426 364 427 365 428 366 429 367 430 368
 431 369 432 370 433 371 434 372 435 373
 436 374 437 375 438 376 439 377 440 378
 441 379 442 380 443 381 444 382 445 383
 384 446 384 385 448 386 449 387 450 388
 451 389 452 390 453 391 454 392 455 393
 456 394 457 395 458 396 459 397 460 398
 461 399 462 400 463 401 464 402 465 403
 466 404 467 405 468 406 469 407 470 408
 471 409 472 410 473 411 474 412 475 413
 476 414 477 415 478 416 479 417 480 418
 481 419 482 420 483 421 484 422 485 423
 486 424 487 425 488 426 489 427 490 428
 491 429 492 430 493 431 494 432 495 433
 496 434 497 435 498 436 499 437 500 438
 501 439 502 440 503 441 504 442 505 443
 506 444 507 445 508 446 509 447 448 510
 448 449 512 450 513 451 514 452 515 453
 516 454 517 455 518 456 519 457 520 458
 521 459 522 460 523 461 524 462 525 463
 526 464 527 465 528 466 529 467 530 468
 531 469 532 470 533 471 534 472 535 473
 536 474 537 475 538 476 539 477 540 478
 541 479 542 480 543 481 544 482 545 483
 546 484 547 485 548 486 549 487 550 488
 551 489 552 490 553 491 554 492 555 493
 556 494 557 495 558 496 559 497 560 498
 561 499 562 500 563 501 564 502 565 503
 566 504 567 505 568 506 569 507 570 508
 571 509 572 510 573 511 512 574 512 513
 576 514 577 515 578 516 579 517 580 518
 581 519 582 520 583 521 584 522 585 523
 586 524 587 525 588 526 589 527 590 528
 591 529 592 530 593 531 594 532 595 533
 596 534 597 535 598 536 599 537 600 538
 601 539 602 540 603 541 604 542 605 543
 606 544 607 545 608 546 609 547 610 548
 611 549 612 550 613 551 614 552 615 553
 616 554 617 555 618 556 619 557 620 558
 621 559 622 560 623 561 624 562 625 563
 626 564 627 565 628 566 629 567 630 568
 631 569 632 570 633 571 634 572 635 573
 636 574 637 575 576 638 576 577 640 578
 641 579 642 580 643 581 644 582 645 583
 646 584 647 585 648 586 649 587 650 588
 651 589 652 590 653 591 654 592 655 593
 656 594 657 595 658 596 659 597 660 598
 661 599 662 600 663 601 664 602 665 603
 666 604 667 605 668 606 669 607 670 608
 671 609 672 610 673 611 674 612 675 613
 676 614 677 615 678 616 679 617 680 618
 681 619 682 620 683 621 684 622 685 623
 686 624 687 625 688 626 689 627 690 628
 691 629 692 630 693 631 694 632 695 633
 696 634 697 635 698 636 699 637 700 638
 701 639 640 702 640 641 704 642 705 643
 706 644 707 645 708 646 709 647 710 648
 711 649 712 650 713 651 714 652 715 653
 716 654 717 655 718 656 719 657 720 658
 721 659 722 660 723 661 724 662 725 663
 726 664 727 665 728 666 729 667 730 668
 731 669 732 670 733 671 734 672 735 673
 736 674 737 675 738 676 739 677 740 678
 741 679 742 680 743 681 744 682 745 683
 746 684 747 685 748 686 749 687 750 688
 751 689 752 690 753 691 754 692 755 693
 756 694 757 695 758 696 759 697 760 698
 761 699 762 700 763 701 764 702 765 703
 704 766 704 705 768 706 769 707 770 708
 771 709 772 710 773 711 774 712 775 713
 776 714 777 715 778 716 779 717 780 718
 781 719 782 720 783 721 784 722 785 723
 786 724 787 725 788 726 789 727 790 728
 791 729 792 730 793 731 794 732 795 733
 796 734 797 735 798 736 799 737 800 738
 801 739 802 740 803 741 804 742 805 743
 806 744 807 745 808 746 809 747 810 748
 811 749 812 750 813 751 814 752 815 753
 816 754 817 755 818 756 819 757 820 758
 821 759 822 760 823 761 824 762 825 763
 826 764 827 765 828 766 829 767 768 830
 768 769 832 770 833 771 834 772 835 773
 836 774 837 775 838 776 839 777 840 778
 841 779 842 780 843 781 844 782 845 783
 846 784 847 785 848 786 849 787 850 788
 851 789 852 790 853 791 854 792 855 793
 856 794 857 795 858 796 859 797 860 798
 861 799 862 800 863 801 864 802 865 803
 866 804 867 805 868 806 869 807 870 808
 871 809 872 810 873 811 874 812 875 813
 876 814 877 815 878 816 879 817 880 818
 881 819 882 820 883 821 884 822 885 823
 886 824 887 825 888 826 889 827 890 828
 891 829 892 830 893 831 832 894 832 833
 896 834 897 835 898 836 899 837 900 838
 901 839 902 840 903 841 904 842 905 843
 906 844 907 845 908 846 909 847 910 848
 911 849 912 850 913 851 914 852 915 853
 916 854 917 855 918 856 919 857 920 858
 921 859 922 860 923 861 924 862 925 863
 926 864 927 865 928 866 929 867 930 868
 931 869 932 870 933 871 934 872 935 873
 936 874 937 875 938 876 939 877 940 878
 941 879 942 880 943 881 944 882 945 883
 946 884 947 885 948 886 949 887 950 888
 951 889 952 890 953 891 954 892 955 893
 956 894 957 895 896 958 896 897 960 898
 961 899 962 900 963 901 964 902 965 903
 966 904 967 905 968 906 969 907 970 908
 971 909 972 910 973 911 974 912 975 913
 976 914 977 915 978 916 979 917 980 918
 981 919 982 920 983 921 984 922 985 923
 986 924 987 925 988 926 989 927 990 928
 991 929 992 930 993 931 994 932 995 933
 996 934 997 935 998 936 999 937 1000 938
 1001 939 1002 940 1003 941 1004 942 1005 943
 1006 944 1007 945 1008 946 1009 947 1010 948
 1011 949 1012 950 1013 951 1014 952 1015 953
 1016 954 1017 955 1018 956 1019 957 1020 958
 1021 959 960 1022 960 961 1024 962 1025 963
 1026 964 1027 965 1028 966 1029 967 1030 968
 1031 969 1032 970 1033 971 1034 972 1035 973
 1036 974 1037 975 1038 976 1039 977 1040 978
 1041 979 1042 980 1043 981 1044 982 1045 983
 1046 984 1047 985 1048 986 1049 987 1050 988
 1051 989 1052 990 1053 991 1054 992 1055 993
 1056 994 1057 995 1058 996 1059 997 1060 998
 1061 999 1062 1000 1063 1001 1064 1002 1065 1003
 1066 1004 1067 1005 1068 1006 1069 1007 1070 1008
 1071 1009 1072 1010 1073 1011 1074 1012 1075 1013
 1076 1014 1077 1015 1078 1016 1079 1017 1080 1018
 1081 1019 1082 1020 1083 1021 1084 1022 1085 1023
 1024 1086 1024 1025 1088 1026 1089 1027 1090 1028
 1091 1029 1092 1030 1093 1031 1094 1032 1095 1033
 1096 1034 1097 1035 1098 1036 1099 1037 1100 1038
 1101 1039 1102 1040 1103 1041 1104 1042 1105 1043
 1106 1044 1107 1045 1108 1046 1109 1047 1110 1048
 1111 1049 1112 1050 1113 1051 1114 1052 1115 1053
 1116 1054 1117 1055 1118 1056 1119 1057 1120 1058
 1121 1059 1122 1060 1123 1061 1124 1062 1125 1063
 1126 1064 1127 1065 1128 1066 1129 1067 1130 1068
 1131 1069 1132 1070 1133 1071 1134 1072 1135 1073
 1136 1074 1137 1075 1138 1076 1139 1077 1140 1078
 1141 1079 1142 1080 1143 1081 1144 1082 1145 1083
 1146 1084 1147 1085 1148 1086 1149 1087 1088 1150
 1088 1089 1152 1090 1153 1091 1154 1092 1155 1093
 1156 1094 1157 1095 1158 1096 1159 1097 1160 1098
 1161 1099 1162 1100 1163 1101 1164 1102 1165 1103
 1166 1104 1167 1105 1168 1106 1169 1107 1170 1108
 1171 1109 1172 1110 1173 1111 1174 1112 1175 1113
 1176 1114 1177 1115 1178 1116 1179 1117 1180 1118
 1181 1119 1182 1120 1183 1121 1184 1122 1185 1123
 1186 1124 1187 1125 1188 1126 1189 1127 1190 1128
 1191 1129 1192 1130 1193 1131 1194 1132 1195 1133
 1196 1134 1197 1135 1198 1136 1199 1137 1200 1138
 1201 1139 1202 1140 1203 1141 1204 1142 1205 1143
 1206 1144 1207 1145 1208 1146 1209 1147 1210 1148
 1211 1149 1212 1150 1213 1151 1152 1214 1152 1153
 1216 1154 1217 1155 1218 1156 1219 1157 1220 1158
 1221 1159 1222 1160 1223 1161 1224 1162 1225 1163
 1226 1164 1227 1165 1228 1166 1229 1167 1230 1168
 1231 1169 1232 1170 1233 1171 1234 1172 1235 1173
 1236 1174 1237 1175 1238 1176 1239 1177 1240 1178
 1241 1179 1242 1180 1243 1181 1244 1182 1245 1183
 1246 1184 1247 1185 1248 1186 1249 1187 1250 1188
 1251 1189 1252 1190 1253 1191 1254 1192 1255 1193
 1256 1194 1257 1195 1258 1196 1259 1197 1260 1198
 1261 1199 1262 1200 1263 1201 1264 1202 1265 1203
 1266 1204 1267 1205 1268 1206 1269 1207 1270 1208
 1271 1209 1272 1210 1273 1211 1274 1212 1275 1213
 1276 1214 1277 1215 1216 1278 1216 1217 1280 1218
 1281 1219 1282 1220 1283 1221 1284 1222 1285 1223
 1286 1224 1287 1225 1288 1226 1289 1227 1290 1228
 1291 1229 1292 1230 1293 1231 1294 1232 1295 1233
 1296 1234 1297 1235 1298 1236 1299 1237 1300 1238
 1301 1239 1302 1240 1303 1241 1304 1242 1305 1243
 1306 1244 1307 1245 1308 1246 1309 1247 1310 1248
 1311 1249 1312 1250 1313 1251 1314 1252 1315 1253
 1316 1254 1317 1255 1318 1256 1319 1257 1320 1258
 1321 1259 1322 1260 1323 1261 1324 1262 1325 1263
 1326 1264 1327 1265 1328 1266 1329 1267 1330 1268
 1331 1269 1332 1270 1333 1271 1334 1272 1335 1273
 1336 1274 1337 1275 1338 1276 1339 1277 1340 1278
 1341 1279 1280 1342 1280 1281 1344 1282 1345 1283
 1346 1284 1347 1285 1348 1286 1349 1287 1350 1288
 1351 1289 1352 1290 1353 1291 1354 1292 1355 1293
 1356 1294 1357 1295 1358 1296 1359 1297 1360 1298
 1361 1299 1362 1300 1363 1301 1364 1302 1365 1303
 1366 1304 1367 1305 1368 1306 1369 1307 1370 1308
 1371 1309 1372 1310 1373 1311 1374 1312 1375 1313
 1376 1314 1377 1315 1378 1316 1379 1317 1380 1318
 1381 1319 1382 1320 1383 1321 1384 1322 1385 1323
 1386 1324 1387 1325 1388 1326 1389 1327 1390 1328
 1391 1329 1392 1330 1393 1331 1394 1332 1395 1333
 1396 1334 1397 1335 1398 1336 1399 1337 1400 1338
 1401 1339 1402 1340 1403 1341 1404 1342 1405 1343
 1344 1406 1344 1345 1408 1346 1409 1347 1410 1348
 1411 1349 1412 1350 1413 1351 1414 1352 1415 1353
 1416 1354 1417 1355 1418 1356 1419 1357 1420 1358
 1421 1359 1422 1360 1423 1361 1424 1362 1425 1363
 1426 1364 1427 1365 1428 1366 1429 1367 1430 1368
 1431 1369 1432 1370 1433 1371 1434 1372 1435 1373
 1436 1374 1437 1375 1438 1376 1439 1377 1440 1378
 1441 1379 1442 1380 1443 1381 1444 1382 1445 1383
 1446 1384 1447 1385 1448 1386 1449 1387 1450 1388
 1451 1389 1452 1390 1453 1391 1454 1392 1455 1393
 1456 1394 1457 1395 1458 1396 1459 1397 1460 1398
 1461 1399 1462 1400 1463 1401 1464 1402 1465 1403
 1466 1404 1467 1405 1468 1406 1469 1407 1408 1470
 1408 1409 1472 1410 1473 1411 1474 1412 1475 1413
 1476 1414 1477 1415 1478 1416 1479 1417 1480 1418
 1481 1419 1482 1420 1483 1421 1484 1422 1485 1423
 1486 1424 1487 1425 1488 1426 1489 1427 1490 1428
 1491 1429 1492 1430 1493 1431 1494 1432 1495 1433
 1496 1434 1497 1435 1498 1436 1499 1437 1500 1438
 1501 1439 1502 1440 1503 1441 1504 1442 1505 1443
 1506 1444 1507 1445 1508 1446 1509 1447 1510 1448
 1511 1449 1512 1450 1513 1451 1514 1452 1515 1453
 1516 1454 1517 1455 1518 1456 1519 1457 1520 1458
 1521 1459 1522 1460 1523 1461 1524 1462 1525 1463
 1526 1464 1527 1465 1528 1466 1529 1467 1530 1468
 1531 1469 1532 1470 1533 1471 1472 1534 1472 1473
 1536 1474 1537 1475 1538 1476 1539 1477 1540 1478
 1541 1479 1542 1480 1543 1481 1544 1482 1545 1483
 1546 1484 1547 1485 1548 1486 1549 1487 1550 1488
 1551 1489 1552 1490 1553 1491 1554 1492 1555 1493
 1556 1494 1557 1495 1558 1496 1559 1497 1560 1498
 1561 1499 1562 1500 1563 1501 1564 1502 1565 1503
 1566 1504 1567 1505 1568 1506 1569 1507 1570 1508
 1571 1509 1572 1510 1573 1511 1574 1512 1575 1513
 1576 1514 1577 1515 1578 1516 1579 1517 1580 1518
 1581 1519 1582 1520 1583 1521 1584 1522 1585 1523
 1586 1524 1587 1525 1588 1526 1589 1527 1590 1528
 1591 1529 1592 1530 1593 1531 1594 1532 1595 1533
 1596 1534 1597 1535 1536 1598 1536 1537 1600 1538
 1601 1539 1602 1540 1603 1541 1604 1542 1605 1543
 1606 1544 1607 1545 1608 1546 1609 1547 1610 1548
 1611 1549 1612 1550 1613 1551 1614 1552 1615 1553
 1616 1554 1617 1555 1618 1556 1619 1557 1620 1558
 1621 1559 1622 1560 1623 1561 1624 1562 1625 1563
 1626 1564 1627 1565 1628 1566 1629 1567 1630 1568
 1631 1569 1632 1570 1633 1571 1634 1572 1635 1573
 1636 1574 1637 1575 1638 1576 1639 1577 1640 1578
 1641 1579 1642 1580 1643 1581 1644 1582 1645 1583
 1646 1584 1647 1585 1648 1586 1649 1587 1650 1588
 1651 1589 1652 1590 1653 1591 1654 1592 1655 1593
 1656 1594 1657 1595 1658 1596 1659 1597 1660 1598
 1661 1599 1600 1662 1600 1601 1664 1602 1665 1603
 1666 1604 1667 1605 1668 1606 1669 1607 1670 1608
 1671 1609 1672 1610 1673 1611 1674 1612 1675 1613
 1676 1614 1677 1615 1678 1616 1679 1617 1680 1618
 1681 1619 1682 1620 1683 1621 1684 1622 1685 1623
 1686 1624 1687 1625 1688 1626 1689 1627 1690 1628
 1691 1629 1692 1630 1693 1631 1694 1632 1695 1633
 1696 1634 1697 1635 1698 1636 1699 1637 1700 1638
 1701 1639 1702 1640 1703 1641 1704 1642 1705 1643
 1706 1644 1707 1645 1708 1646 1709 1647 1710 1648
 1711 1649 1712 1650 1713 1651 1714 1652 1715 1653
 1716 1654 1717 1655 1718 1656 1719 1657 1720 1658
 1721 1659 1722 1660 1723 1661 1724 1662 1725 1663
 1664 1726 1664 1665 1728 1666 1729 1667 1730 1668
 1731 1669 1732 1670 1733 1671 1734 1672 1735 1673
 1736 1674 1737 1675 1738 1676 1739 1677 1740 1678
 1741 1679 1742 1680 1743 1681 1744 1682 1745 1683
 1746 1684 1747 1685 1748 1686 1749 1687 1750 1688
 1751 1689 1752 1690 1753 1691 1754 1692 1755 1693
 1756 1694 1757 1695 1758 1696 1759 1697 1760 1698
 1761 1699 1762 1700 1763 1701 1764 1702 1765 1703
 1766 1704 1767 1705 1768 1706 1769 1707 1770 1708
 1771 1709 1772 1710 1773 1711 1774 1712 1775 1713
 1776 1714 1777 1715 1778 1716 1779 1717 1780 1718
 1781 1719 1782 1720 1783 1721 1784 1722 1785 1723
 1786 1724 1787 1725 1788 1726 1789 1727 1728 1790
 1728 1729 1792 1730 1793 1731 1794 1732 1795 1733
 1796 1734 1797 1735 1798 1736 1799 1737 1800 1738
 1801 1739 1802 1740 1803 1741 1804 1742 1805 1743
 1806 1744 1807 1745 1808 1746 1809 1747 1810 1748
 1811 1749 1812 1750 1813 1751 1814 1752 1815 1753
 1816 1754 1817 1755 1818 1756 1819 1757 1820 1758
 1821 1759 1822 1760 1823 1761 1824 1762 1825 1763
 1826 1764 1827 1765 1828 1766 1829 1767 1830 1768
 1831 1769 1832 1770 1833 1771 1834 1772 1835 1773
 1836 1774 1837 1775 1838 1776 1839 1777 1840 1778
 1841 1779 1842 1780 1843 1781 1844 1782 1845 1783
 1846 1784 1847 1785 1848 1786 1849 1787 1850 1788
 1851 1789 1852 1790 1853 1791 1792 1854 1792 1793
 1856 1794 1857 1795 1858 1796 1859 1797 1860 1798
 1861 1799 1862 1800 1863 1801 1864 1802 1865 1803
 1866 1804 1867 1805 1868 1806 1869 1807 1870 1808
 1871 1809 1872 1810 1873 1811 1874 1812 1875 1813
 1876 1814 1877 1815 1878 1816 1879 1817 1880 1818
 1881 1819 1882 1820 1883 1821 1884 1822 1885 1823
 1886 1824 1887 1825 1888 1826 1889 1827 1890 1828
 1891 1829 1892 1830 1893 1831 1894 1832 1895 1833
 1896 1834 1897 1835 1898 1836 1899 1837 1900 1838
 1901 1839 1902 1840 1903 1841 1904 1842 1905 1843
 1906 1844 1907 1845 1908 1846 1909 1847 1910 1848
 1911 1849 1912 1850 1913 1851 1914 1852 1915 1853
 1916 1854 1917 1855 1856 1918 1856 1857 1920 1858
 1921 1859 1922 1860 1923 1861 1924 1862 1925 1863
 1926 1864 1927 1865 1928 1866 1929 1867 1930 1868
 1931 1869 1932 1870 1933 1871 1934 1872 1935 1873
 1936 1874 1937 1875 1938 1876 1939 1877 1940 1878
 1941 1879 1942 1880 1943 1881 1944 1882 1945 1883
 1946 1884 1947 1885 1948 1886 1949 1887 1950 1888
 1951 1889 1952 1890 1953 1891 1954 1892 1955 1893
 1956 1894 1957 1895 1958 1896 1959 1897 1960 1898
 1961 1899 1962 1900 1963 1901 1964 1902 1965 1903
 1966 1904 1967 1905 1968 1906 1969 1907 1970 1908
 1971 1909 1972 1910 1973 1911 1974 1912 1975 1913
 1976 1914 1977 1915 1978 1916 1979 1917 1980 1918
 1981 1919 1920 1982 1920 1921 1984 1922 1985 1923
 1986 1924 1987 1925 1988 1926 1989 1927 1990 1928
 1991 1929 1992 1930 1993 1931 1994 1932 1995 1933
 1996 1934 1997 1935 1998 1936 1999 1937 2000 1938
 2001 1939 2002 1940 2003 1941 2004 1942 2005 1943
 2006 1944 2007 1945 2008 1946 2009 1947 2010 1948
 2011 1949 2012 1950 2013 1951 2014 1952 2015 1953
 2016 1954 2017 1955 2018 1956 2019 1957 2020 1958
 2021 1959 2022 1960 2023 1961 2024 1962 2025 1963
 2026 1964 2027 1965 2028 1966 2029 1967 2030 1968
 2031 1969 2032 1970 2033 1971 2034 1972 2035 1973
 2036 1974 2037 1975 2038 1976 2039 1977 2040 1978
 2041 1979 2042 1980 2043 1981 2044 1982 2045 1983
 1984 2046 1984 1985 2048 1986 2049 1987 2050 1988
 2051 1989 2052 1990 2053 1991 2054 1992 2055 1993
 2056 1994 2057 1995 2058 1996 2059 1997 2060 1998
 2061 1999 2062 2000 2063 2001 2064 2002 2065 2003
 2066 2004 2067 2005 2068 2006 2069 2007 2070 2008
 2071 2009 2072 2010 2073 2011 2074 2012 2075 2013
 2076 2014 2077 2015 2078 2016 2079 2017 2080 2018
 2081 2019 2082 2020 2083 2021 2084 2022 2085 2023
 2086 2024 2087 2025 2088 2026 2089 2027 2090 2028
 2091 2029 2092 2030 2093 2031 2094 2032 2095 2033
 2096 2034 2097 2035 2098 2036 2099 2037 2100 2038
 2101 2039 2102 2040 2103 2041 2104 2042 2105 2043
 2106 2044 2107 2045 2108 2046 2109 2047 2048 2110
 2048 2049 2112 2050 2113 2051 2114 2052 2115 2053
 2116 2054 2117 2055 2118 2056 2119 2057 2120 2058
 2121 2059 2122 2060 2123 2061 2124 2062 2125 2063
 2126 2064 2127 2065 2128 2066 2129 2067 2130 2068
 2131 2069 2132 2070 2133 2071 2134 2072 2135 2073
 2136 2074 2137 2075 2138 2076 2139 2077 2140 2078
 2141 2079 2142 2080 2143 2081 2144 2082 2145 2083
 2146 2084 2147 2085 2148 2086 2149 2087 2150 2088
 2151 2089 2152 2090 2153 2091 2154 2092 2155 2093
 2156 2094 2157 2095 2158 2096 2159 2097 2160 2098
 2161 2099 2162 2100 2163 2101 2164 2102 2165 2103
 2166 2104 2167 2105 2168 2106 2169 2107 2170 2108
 2171 2109 2172 2110 2173 2111 2112 2174 2112 2113
 2176 2114 2177 2115 2178 2116 2179 2117 2180 2118
 2181 2119 2182 2120 2183 2121 2184 2122 2185 2123
 2186 2124 2187 2125 2188 2126 2189 2127 2190 2128
 2191 2129 2192 2130 2193 2131 2194 2132 2195 2133
 2196 2134 2197 2135 2198 2136 2199 2137 2200 2138
 2201 2139 2202 2140 2203 2141 2204 2142 2205 2143
 2206 2144 2207 2145 2208 2146 2209 2147 2210 2148
 2211 2149 2212 2150 2213 2151 2214 2152 2215 2153
 2216 2154 2217 2155 2218 2156 2219 2157 2220 2158
 2221 2159 2222 2160 2223 2161 2224 2162 2225 2163
 2226 2164 2227 2165 2228 2166 2229 2167 2230 2168
 2231 2169 2232 2170 2233 2171 2234 2172 2235 2173
 2236 2174 2237 2175 2176 2238 2176 2177 2240 2178
 2241 2179 2242 2180 2243 2181 2244 2182 2245 2183
 2246 2184 2247 2185 2248 2186 2249 2187 2250 2188
 2251 2189 2252 2190 2253 2191 2254 2192 2255 2193
 2256 2194 2257 2195 2258 2196 2259 2197 2260 2198
 2261 2199 2262 2200 2263 2201 2264 2202 2265 2203
 2266 2204 2267 2205 2268 2206 2269 2207 2270 2208
 2271 2209 2272 2210 2273 2211 2274 2212 2275 2213
 2276 2214 2277 2215 2278 2216 2279 2217 2280 2218
 2281 2219 2282 2220 2283 2221 2284 2222 2285 2223
 2286 2224 2287 2225 2288 2226 2289 2227 2290 2228
 2291 2229 2292 2230 2293 2231 2294 2232 2295 2233
 2296 2234 2297 2235 2298 2236 2299 2237 2300 2238
 2301 2239 2240 2302 2240 2241 2304 2242 2305 2243
 2306 2244 2307 2245 2308 2246 2309 2247 2310 2248
 2311 2249 2312 2250 2313 2251 2314 2252 2315 2253
 2316 2254 2317 2255 2318 2256 2319 2257 2320 2258
 2321 2259 2322 2260 2323 2261 2324 2262 2325 2263
 2326 2264 2327 2265 2328 2266 2329 2267 2330 2268
 2331 2269 2332 2270 2333 2271 2334 2272 2335 2273
 2336 2274 2337 2275 2338 2276 2339 2277 2340 2278
 2341 2279 2342 2280 2343 2281 2344 2282 2345 2283
 2346 2284 2347 2285 2348 2286 2349 2287 2350 2288
 2351 2289 2352 2290 2353 2291 2354 2292 2355 2293
 2356 2294 2357 2295 2358 2296 2359 2297 2360 2298
 2361 2299 2362 2300 2363 2301 2364 2302 2365 2303
 2304 2366 2304 2305 2368 2306 2369 2307 2370 2308
 2371 2309 2372 2310 2373 2311 2374 2312 2375 2313
 2376 2314 2377 2315 2378 2316 2379 2317 2380 2318
 2381 2319 2382 2320 2383 2321 2384 2322 2385 2323
 2386 2324 2387 2325 2388 2326 2389 2327 2390 2328
 2391 2329 2392 2330 2393 2331 2394 2332 2395 2333
 2396 2334 2397 2335 2398 2336 2399 2337 2400 2338
 2401 2339 2402 2340 2403 2341 2404 2342 2405 2343
 2406 2344 2407 2345 2408 2346 2409 2347 2410 2348
 2411 2349 2412 2350 2413 2351 2414 2352 2415 2353
 2416 2354 2417 2355 2418 2356 2419 2357 2420 2358
 2421 2359 2422 2360 2423 2361 2424 2362 2425 2363
 2426 2364 2427 2365 2428 2366 2429 2367 2368 2430
 2368 2369 2432 2370 2433 2371 2434 2372 2435 2373
 2436 2374 2437 2375 2438 2376 2439 2377 2440 2378
 2441 2379 2442 2380 2443 2381 2444 2382 2445 2383
 2446 2384 2447 2385 2448 2386 2449 2387 2450 2388
 2451 2389 2452 2390 2453 2391 2454 2392 2455 2393
 2456 2394 2457 2395 2458 2396 2459 2397 2460 2398
 2461 2399 2462 2400 2463 2401 2464 2402 2465 2403
 2466 2404 2467 2405 2468 2406 2469 2407 2470 2408
 2471 2409 2472 2410 2473 2411 2474 2412 2475 2413
 2476 2414 2477 2415 2478 2416 2479 2417 2480 2418
 2481 2419 2482 2420 2483 2421 2484 2422 2485 2423
 2486 2424 2487 2425 2488 2426 2489 2427 2490 2428
 2491 2429 2492 2430 2493 2431 2432 2494 2432 2433
 2496 2434 2497 2435 2498 2436 2499 2437 2500 2438
 2501 2439 2502 2440 2503 2441 2504 2442 2505 2443
 2506 2444 2507 2445 2508 2446 2509 2447 2510 2448
 2511 2449 2512 2450 2513 2451 2514 2452 2515 2453
 2516 2454 2517 2455 2518 2456 2519 2457 2520 2458
 2521 2459 2522 2460 2523 2461 2524 2462 2525 2463
 2526 2464 2527 2465 2528 2466 2529 2467 2530 2468
 2531 2469 2532 2470 2533 2471 2534 2472 2535 2473
 2536 2474 2537 2475 2538 2476 2539 2477 2540 2478
 2541 2479 2542 2480 2543 2481 2544 2482 2545 2483
 2546 2484 2547 2485 2548 2486 2549 2487 2550 2488
 2551 2489 2552 2490 2553 2491 2554 2492 2555 2493
 2556 2494 2557 2495 2496 2558 2496 2497 2560 2498
 2561 2499 2562 2500 2563 2501 2564 2502 2565 2503
 2566 2504 2567 2505 2568 2506 2569 2507 2570 2508
 2571 2509 2572 2510 2573 2511 2574 2512 2575 2513
 2576 2514 2577 2515 2578 2516 2579 2517 2580 2518
 2581 2519 2582 2520 2583 2521 2584 2522 2585 2523
 2586 2524 2587 2525 2588 2526 2589 2527 2590 2528
 2591 2529 2592 2530 2593 2531 2594 2532 2595 2533
 2596 2534 2597 2535 2598 2536 2599 2537 2600 2538
 2601 2539 2602 2540 2603 2541 2604 2542 2605 2543
 2606 2544 2607 2545 2608 2546 2609 2547 2610 2548
 2611 2549 2612 2550 2613 2551 2614 2552 2615 2553
 2616 2554 2617 2555 2618 2556 2619 2557 2620 2558
 2621 2559 2560 2622 2560 2561 2624 2562 2625 2563
 2626 2564 2627 2565 2628 2566 2629 2567 2630 2568
 2631 2569 2632 2570 2633 2571 2634 2572 2635 2573
 2636 2574 2637 2575 2638 2576 2639 2577 2640 2578
 2641 2579 2642 2580 2643 2581 2644 2582 2645 2583
 2646 2584 2647 2585 2648 2586 2649 2587 2650 2588
 2651 2589 2652 2590 2653 2591 2654 2592 2655 2593
 2656 2594 2657 2595 2658 2596 2659 2597 2660 2598
 2661 2599 2662 2600 2663 2601 2664 2602 2665 2603
 2666 2604 2667 2605 2668 2606 2669 2607 2670 2608
 2671 2609 2672 2610 2673 2611 2674 2612 2675 2613
 2676 2614 2677 2615 2678 2616 2679 2617 2680 2618
 2681 2619 2682 2620 2683 2621 2684 2622 2685 2623
 2624 2686 2624 2625 2688 2626 2689 2627 2690 2628
 2691 2629 2692 2630 2693 2631 2694 2632 2695 2633
 2696 2634 2697 2635 2698 2636 2699 2637 2700 2638
 2701 2639 2702 2640 2703 2641 2704 2642 2705 2643
 2706 2644 2707 2645 2708 2646 2709 2647 2710 2648
 2711 2649 2712 2650 2713 2651 2714 2652 2715 2653
 2716 2654 2717 2655 2718 2656 2719 2657 2720 2658
 2721 2659 2722 2660 2723 2661 2724 2662 2725 2663
 2726 2664 2727 2665 2728 2666 2729 2667 2730 2668
 2731 2669 2732 2670 2733 2671 2734 2672 2735 2673
 2736 2674 2737 2675 2738 2676 2739 2677 2740 2678
 2741 2679 2742 2680 2743 2681 2744 2682 2745 2683
 2746 2684 2747 2685 2748 2686 2749 2687 2688 2750
 2688 2689 2752 2690 2753 2691 2754 2692 2755 2693
 2756 2694 2757 2695 2758 2696 2759 2697 2760 2698
 2761 2699 2762 2700 2763 2701 2764 2702 2765 2703
 2766 2704 2767 2705 2768 2706 2769 2707 2770 2708
 2771 2709 2772 2710 2773 2711 2774 2712 2775 2713
 2776 2714 2777 2715 2778 2716 2779 2717 2780 2718
 2781 2719 2782 2720 2783 2721 2784 2722 2785 2723
 2786 2724 2787 2725 2788 2726 2789 2727 2790 2728
 2791 2729 2792 2730 2793 2731 2794 2732 2795 2733
 2796 2734 2797 2735 2798 2736 2799 2737 2800 2738
 2801 2739 2802 2740 2803 2741 2804 2742 2805 2743
 2806 2744 2807 2745 2808 2746 2809 2747 2810 2748
 2811 2749 2812 2750 2813 2751 2752 2814 2752 2753
 2816 2754 2817 2755 2818 2756 2819 2757 2820 2758
 2821 2759 2822 2760 2823 2761 2824 2762 2825 2763
 2826 2764 2827 2765 2828 2766 2829 2767 2830 2768
 2831 2769 2832 2770 2833 2771 2834 2772 2835 2773
 2836 2774 2837 2775 2838 2776 2839 2777 2840 2778
 2841 2779 2842 2780 2843 2781 2844 2782 2845 2783
 2846 2784 2847 2785 2848 2786 2849 2787 2850 2788
 2851 2789 2852 2790 2853 2791 2854 2792 2855 2793
 2856 2794 2857 2795 2858 2796 2859 2797 2860 2798
 2861 2799 2862 2800 2863 2801 2864 2802 2865 2803
 2866 2804 2867 2805 2868 2806 2869 2807 2870 2808
 2871 2809 2872 2810 2873 2811 2874 2812 2875 2813
 2876 2814 2877 2815 2816 2878 2816 2817 2880 2818
 2881 2819 2882 2820 2883 2821 2884 2822 2885 2823
 2886 2824 2887 2825 2888 2826 2889 2827 2890 2828
 2891 2829 2892 2830 2893 2831 2894 2832 2895 2833
 2896 2834 2897 2835 2898 2836 2899 2837 2900 2838
 2901 2839 2902 2840 2903 2841 2904 2842 2905 2843
 2906 2844 2907 2845 2908 2846 2909 2847 2910 2848
 2911 2849 2912 2850 2913 2851 2914 2852 2915 2853
 2916 2854 2917 2855 2918 2856 2919 2857 2920 2858
 2921 2859 2922 2860 2923 2861 2924 2862 2925 2863
 2926 2864 2927 2865 2928 2866 2929 2867 2930 2868
 2931 2869 2932 2870 2933 2871 2934 2872 2935 2873
 2936 2874 2937 2875 2938 2876 2939 2877 2940 2878
 2941 2879 2880 2942 2880 2881 2944 2882 2945 2883
 2946 2884 2947 2885 2948 2886 2949 2887 2950 2888
 2951 2889 2952 2890 2953 2891 2954 2892 2955 2893
 2956 2894 2957 2895 2958 2896 2959 2897 2960 2898
 2961 2899 2962 2900 2963 2901 2964 2902 2965 2903
 2966 2904 2967 2905 2968 2906 2969 2907 2970 2908
 2971 2909 2972 2910 2973 2911 2974 2912 2975 2913
 2976 2914 2977 2915 2978 2916 2979 2917 2980 2918
 2981 2919 2982 2920 2983 2921 2984 2922 2985 2923
 2986 2924 2987 2925 2988 2926 2989 2927 2990 2928
 2991 2929 2992 2930 2993 2931 2994 2932 2995 2933
 2996 2934 2997 2935 2998 2936 2999 2937 3000 2938
 3001 2939 3002 2940 3003 2941 3004 2942 3005 2943
 2944 3006 2944 2945 3008 2946 3009 2947 3010 2948
 3011 2949 3012 2950 3013 2951 3014 2952 3015 2953
 3016 2954 3017 2955 3018 2956 3019 2957 3020 2958
 3021 2959 3022 2960 3023 2961 3024 2962 3025 2963
 3026 2964 3027 2965 3028 2966 3029 2967 3030 2968
 3031 2969 3032 2970 3033 2971 3034 2972 3035 2973
 3036 2974 3037 2975 3038 2976 3039 2977 3040 2978
 3041 2979 3042 2980 3043 2981 3044 2982 3045 2983
 3046 2984 3047 2985 3048 2986 3049 2987 3050 2988
 3051 2989 3052 2990 3053 2991 3054 2992 3055 2993
 3056 2994 3057 2995 3058 2996 3059 2997 3060 2998
 3061 2999 3062 3000 3063 3001 3064 3002 3065 3003
 3066 3004 3067 3005 3068 3006 3069 3007 3008 3070
 3008 3009 3072 3010 3073 3011 3074 3012 3075 3013
 3076 3014 3077 3015 3078 3016 3079 3017 3080 3018
 3081 3019 3082 3020 3083 3021 3084 3022 3085 3023
 3086 3024 3087 3025 3088 3026 3089 3027 3090 3028
 3091 3029 3092 3030 3093 3031 3094 3032 3095 3033
 3096 3034 3097 3035 3098 3036 3099 3037 3100 3038
 3101 3039 3102 3040 3103 3041 3104 3042 3105 3043
 3106 3044 3107 3045 3108 3046 3109 3047 3110 3048
 3111 3049 3112 3050 3113 3051 3114 3052 3115 3053
 3116 3054 3117 3055 3118 3056 3119 3057 3120 3058
 3121 3059 3122 3060 3123 3061 3124 3062 3125 3063
 3126 3064 3127 3065 3128 3066 3129 3067 3130 3068
 3131 3069 3132 3070 3133 3071 3072 3134 3072 3073
 3136 3074 3137 3075 3138 3076 3139 3077 3140 3078
 3141 3079 3142 3080 3143 3081 3144 3082 3145 3083
 3146 3084 3147 3085 3148 3086 3149 3087 3150 3088
 3151 3089 3152 3090 3153 3091 3154 3092 3155 3093
 3156 3094 3157 3095 3158 3096 3159 3097 3160 3098
 3161 3099 3162 3100 3163 3101 3164 3102 3165 3103
 3166 3104 3167 3105 3168 3106 3169 3107 3170 3108
 3171 3109 3172 3110 3173 3111 3174 3112 3175 3113
 3176 3114 3177 3115 3178 3116 3179 3117 3180 3118
 3181 3119 3182 3120 3183 3121 3184 3122 3185 3123
 3186 3124 3187 3125 3188 3126 3189 3127 3190 3128
 3191 3129 3192 3130 3193 3131 3194 3132 3195 3133
 3196 3134 3197 3135 3136 3198 3136 3137 3200 3138
 3201 3139 3202 3140 3203 3141 3204 3142 3205 3143
 3206 3144 3207 3145 3208 3146 3209 3147 3210 3148
 3211 3149 3212 3150 3213 3151 3214 3152 3215 3153
 3216 3154 3217 3155 3218 3156 3219 3157 3220 3158
 3221 3159 3222 3160 3223 3161 3224 3162 3225 3163
 3226 3164 3227 3165 3228 3166 3229 3167 3230 3168
 3231 3169 3232 3170 3233 3171 3234 3172 3235 3173
 3236 3174 3237 3175 3238 3176 3239 3177 3240 3178
 3241 3179 3242 3180 3243 3181 3244 3182 3245 3183
 3246 3184 3247 3185 3248 3186 3249 3187 3250 3188
 3251 3189 3252 3190 3253 3191 3254 3192 3255 3193
 3256 3194 3257 3195 3258 3196 3259 3197 3260 3198
 3261 3199 3200 3262 3200 3201 3264 3202 3265 3203
 3266 3204 3267 3205 3268 3206 3269 3207 3270 3208
 3271 3209 3272 3210 3273 3211 3274 3212 3275 3213
 3276 3214 3277 3215 3278 3216 3279 3217 3280 3218
 3281 3219 3282 3220 3283 3221 3284 3222 3285 3223
 3286 3224 3287 3225 3288 3226 3289 3227 3290 3228
 3291 3229 3292 3230 3293 3231 3294 3232 3295 3233
 3296 3234 3297 3235 3298 3236 3299 3237 3300 3238
 3301 3239 3302 3240 3303 3241 3304 3242 3305 3243
 3306 3244 3307 3245 3308 3246 3309 3247 3310 3248
 3311 3249 3312 3250 3313 3251 3314 3252 3315 3253
 3316 3254 3317 3255 3318 3256 3319 3257 3320 3258
 3321 3259 3322 3260 3323 3261 3324 3262 3325 3263
 3264 3326 3264 3265 3328 3266 3329 3267 3330 3268
 3331 3269 3332 3270 3333 3271 3334 3272 3335 3273
 3336 3274 3337 3275 3338 3276 3339 3277 3340 3278
 3341 3279 3342 3280 3343 3281 3344 3282 3345 3283
 3346 3284 3347 3285 3348 3286 3349 3287 3350 3288
 3351 3289 3352 3290 3353 3291 3354 3292 3355 3293
 3356 3294 3357 3295 3358 3296 3359 3297 3360 3298
 3361 3299 3362 3300 3363 3301 3364 3302 3365 3303
 3366 3304 3367 3305 3368 3306 3369 3307 3370 3308
 3371 3309 3372 3310 3373 3311 3374 3312 3375 3313
 3376 3314 3377 3315 3378 3316 3379 3317 3380 3318
 3381 3319 3382 3320 3383 3321 3384 3322 3385 3323
 3386 3324 3387 3325 3388 3326 3389 3327 3328 3390
 3399 3401 3403 3402 3397 3395 3405 3400 3428 3430
 3404 3394 3432 3434 3405 3407 3422 3393 3422 3433
 3404 3440 3432 3410 3420 3392 3420 3444 3429 3438
 3436 3428 3442 3396 3397 3439 3394 3395 3427 3447
 3400 3401 3418 3446 3398 3399 3417 3445 3392 3431
 3398 3430 3411 3433 3459 3432 3394 3459 3419 3429
 3428 3462 3396 3434 3408 3434 3396 3442 3448 3393
 3435 3465 3329 3406 3406 3331 3407 3435 3393 3333
 3407 3434 3336 3339 3425 3473 3340 3474 3474 3426
 3476 3475 3341 3409 3345 3409 3409 3347 3410 3431
 3392 3443 3481 3348 3410 3483 3349 3457 3430 3398
 3446 3352 3430 3355 3487 3356 3456 3456 3424 3488
 3357 3489 3360 3424 3412 3491 3361 3412 3363 3413
 3463 3405 3495 3364 3496 3366 3463 3498 3367 3499
 3368 3462 3454 3423 3423 3376 3415 3503 3377 3415
 3379 3416 3460 3404 3506 3380 3421 3390 3508 3381
 3416 3389 3509 3383 3460 3387 3386 3513 3419 3514
 3461 3385 3426 3477 3342 3479 3478 3344 3480 3518
 3403 3444 3519 3436 3494 3495 3362 3495 3494 3493
 3489 3487 3456 3399 3411 3438 3437 3402 3468 3469
 3471 3437 3469 3332 3469 3468 3467 3330 3328 3467
 3452 3511 3421 3505 3506 3533 3440 3534 3506 3505
 3504 3378 3501 3513 3452 3395 3419 3427 3454 3401
 3414 3418 3538 3453 3542 3445 3446 3544 3544 3546
 3545 3450 3548 3442 3439 3448 3442 3441 3439 3552
 3550 3400 3462 3414 3449 3447 3521 3449 3556 3555
 3557 3552 3551 3560 3515 3459 3512 3384 3512 3507
 3510 3382 3414 3370 3564 3371 3541 3447 3543 3565
 3372 3454 3564 3554 3500 3369 3558 3555 3566 3482
 3484 3350 3443 3403 3480 3481 3445 3546 3520 3530
 3406 3530 3531 3530 3468 3455 3354 3487 3411 3577
 3458 3486 3353 3545 3446 3576 3575 3402 3526 3436
 3522 3497 3413 3522 3521 3537 3505 3534 3415 3537
 3502 3503 3535 3441 3559 3494 3582 3373 3501 3567
 3375 3503 3502 3538 3502 3537 3423 3587 3374 3588
 3548 3425 3473 3474 3397 3408 3338 3473 3408 3335
 3472 3435 3509 3391 3531 3540 3532 3573 3421 3595
 3574 3573 3586 3412 3598 3492 3491 3491 3492 3359
 3524 3492 3598 3576 3417 3524 3591 3476 3337 3593
 3464 3472 3603 3517 3516 3343 3550 3451 3540 3452
 3513 3388 3511 3334 3594 3470 3471 3560 3526 3448
 3490 3358 3600 3424 3351 3486 3431 3570 3605 3426
 3606 3478 3478 3518 3605 3481 3480 3479 3346 3497
 3365 3498 3413 3559 3553 3561 3551 3549 3416 3440
 3533 3508 0 1 2 3 4 5 6 7
 8 9 10 11 12 13 14 15 16 17
 18 19 20 21 22 23 24 25 26 27
 28 29 30 31 32 33 34 35 36 37
 38 39 40 41 42 43 44 45 46 47
 48 49 50 51 52 53 54 55 56 57
 58 59 60 61 62 63 64 65 66 67
 68 69 70 71 72 73 74 75 76 77
 78 79 80 81 82 83 84 85 86 87
 88 89 90 91 92 93 94 95 96 97
 98 99 100 101 102 103 104 105 106 107
 108 109 110 111 112 113 114 115 116 117
 118 119 120 121 122 123 124 125 126 127
 128 129 130 131 132 133 134 135 136 137
 138 139 140 141 142 143 144 145 146 147
 148 149 150 151 152 153 154 155 156 157
 158 159 160 161 162 163 164 165 166 167
 168 169 170 171 172 173 174 175 176 177
 178 179 180 181 182 183 184 185 186 187
 188 189 190 191 192 193 194 195 196 197
 198 199 200 201 202 203 204 205 206 207
 208 209 210 211 212 213 214 215 216 217
 218 219 220 221 222 223 224 225 226 227
 228 229 230 231 232 233 234 235 236 237
 238 239 240 241 242 243 244 245 246 247
 248 249 250 251 252 253 254 255 256 257
 258 259 260 261 262 263 264 265 266 267
 268 269 270 271 272 273 274 275 276 277
 278 279 280 281 282 283 284 285 286 287
 288 289 290 291 292 293 294 295 296 297
 298 299 300 301 302 303 304 305 306 307
 308 309 310 311 312 313 314 315 316 317
 318 319 320 321 322 323 324 325 326 327
 328 329 330 331 332 333 334 335 336 337
 338 339 340 341 342 343 344 345 346 347
 348 349 350 351 352 353 354 355 356 357
 358 359 360 361 362 363 364 365 366 367
 368 369 370 371 372 373 374 375 376 377
 378 379 380 381 382 383 384 385 386 387
 388 389 390 391 392 393 394 395 396 397
 398 399 400 401 402 403 404 405 406 407
 408 409 410 411 412 413 414 415 416 417
 418 419 420 421 422 423 424 425 426 427
 428 429 430 431 432 433 434 435 436 437
 438 439 440 441 442 443 444 445 446 447
 448 449 450 451 452 453 454 455 456 457
 458 459 460 461 462 463 464 465 466 467
 468 469 470 471 472 473 474 475 476 477
 478 479 480 481 482 483 484 485 486 487
 488 489 490 491 492 493 494 495 496 497
 498 499 500 501 502 503 504 505 506 507
 508 509 510 511 512 513 514 515 516 517
 518 519 520 521 522 523 524 525 526 527
 528 529 530 531 532 533 534 535 536 537
 538 539 540 541 542 543 544 545 546 547
 548 549 550 551 552 553 554 555 556 557
 558 559 560 561 562 563 564 565 566 567
 568 569 570 571 572 573 574 575 576 577
 578 579 580 581 582 583 584 585 586 587
 588 589 590 591 592 593 594 595 596 597
 598 599 600 601 602 603 604 605 606 607
 608 609 610 611 612 613 614 615 616 617
 618 619 620 621 622 623 624 625 626 627
 628 629 630 631 632 633 634 635 636 637
 638 639 640 641 642 643 644 645 646 647
 648 649 650 651 652 653 654 655 656 657
 658 659 660 661 662 663 664 665 666 667
 668 669 670 671 672 673 674 675 676 677
 678 679 680 681 682 683 684 685 686 687
 688 689 690 691 692 693 694 695 696 697
 698 699 700 701 702 703 704 705 706 707
 708 709 710 711 712 713 714 715 716 717
 718 719 720 721 722 723 724 725 726 727
 728 729 730 731 732 733 734 735 736 737
 738 739 740 741 742 743 744 745 746 747
 748 749 750 751 752 753 754 755 756 757
 758 759 760 761 762 763 764 765 766 767
 768 769 770 771 772 773 774 775 776 777
 778 779 780 781 782 783 784 785 786 787
 788 789 790 791 792 793 794 795 796 797
 798 799 800 801 802 803 804 805 806 807
 808 809 810 811 812 813 814 815 816 817
 818 819 820 821 822 823 824 825 826 827
 828 829 830 831 832 833 834 835 836 837
 838 839 840 841 842 843 844 845 846 847
 848 849 850 851 852 853 854 855 856 857
 858 859 860 861 862 863 864 865 866 867
 868 869 870 871 872 873 874 875 876 877
 878 879 880 881 882 883 884 885 886 887
 888 889 890 891 892 893 894 895 896 897
 898 899 900 901 902 903 904 905 906 907
 908 909 910 911 912 913 914 915 916 917
 918 919 920 921 922 923 924 925 926 927
 928 929 930 931 932 933 934 935 936 937
 938 939 940 941 942 943 944 945 946 947
 948 949 950 951 952 953 954 955 956 957
 958 959 960 961 962 963 964 965 966 967
 968 969 970 971 972 973 974 975 976 977
 978 979 980 981 982 983 984 985 986 987
 988 989 990 991 992 993 994 995 996 997
 998 999 1000 1001 1002 1003 1004 1005 1006 1007
 1008 1009 1010 1011 1012 1013 1014 1015 1016 1017
 1018 1019 1020 1021 1022 1023 1024 1025 1026 1027
 1028 1029 1030 1031 1032 1033 1034 1035 1036 1037
 1038 1039 1040 1041 1042 1043 1044 1045 1046 1047
 1048 1049 1050 1051 1052 1053 1054 1055 1056 1057
 1058 1059 1060 1061 1062 1063 1064 1065 1066 1067
 1068 1069 1070 1071 1072 1073 1074 1075 1076 1077
 1078 1079 1080 1081 1082 1083 1084 1085 1086 1087
 1088 1089 1090 1091 1092 1093 1094 1095 1096 1097
 1098 1099 1100 1101 1102 1103 1104 1105 1106 1107
 1108 1109 1110 1111 1112 1113 1114 1115 1116 1117
 1118 1119 1120 1121 1122 1123 1124 1125 1126 1127
 1128 1129 1130 1131 1132 1133 1134 1135 1136 1137
 1138 1139 1140 1141 1142 1143 1144 1145 1146 1147
 1148 1149 1150 1151 1152 1153 1154 1155 1156 1157
 1158 1159 1160 1161 1162 1163 1164 1165 1166 1167
 1168 1169 1170 1171 1172 1173 1174 1175 1176 1177
 1178 1179 1180 1181 1182 1183 1184 1185 1186 1187
 1188 1189 1190 1191 1192 1193 1194 1195 1196 1197
 1198 1199 1200 1201 1202 1203 1204 1205 1206 1207
 1208 1209 1210 1211 1212 1213 1214 1215 1216 1217
 1218 1219 1220 1221 1222 1223 1224 1225 1226 1227
 1228 1229 1230 1231 1232 1233 1234 1235 1236 1237
 1238 1239 1240 1241 1242 1243 1244 1245 1246 1247
 1248 1249 1250 1251 1252 1253 1254 1255 1256 1257
 1258 1259 1260 1261 1262 1263 1264 1265 1266 1267
 1268 1269 1270 1271 1272 1273 1274 1275 1276 1277
 1278 1279 1280 1281 1282 1283 1284 1285 1286 1287
 1288 1289 1290 1291 1292 1293 1294 1295 1296 1297
 1298 1299 1300 1301 1302 1303 1304 1305 1306 1307
 1308 1309 1310 1311 1312 1313 1314 1315 1316 1317
 1318 1319 1320 1321 1322 1323 1324 1325 1326 1327
 1328 1329 1330 1331 1332 1333 1334 1335 1336 1337
 1338 1339 1340 1341 1342 1343 1344 1345 1346 1347
 1348 1349 1350 1351 1352 1353 1354 1355 1356 1357
 1358 1359 1360 1361 1362 1363 1364 1365 1366 1367
 1368 1369 1370 1371 1372 1373 1374 1375 1376 1377
 1378 1379 1380 1381 1382 1383 1384 1385 1386 1387
 1388 1389 1390 1391 1392 1393 1394 1395 1396 1397
 1398 1399 1400 1401 1402 1403 1404 1405 1406 1407
 1408 1409 1410 1411 1412 1413 1414 1415 1416 1417
 1418 1419 1420 1421 1422 1423 1424 1425 1426 1427
 1428 1429 1430 1431 1432 1433 1434 1435 1436 1437
 1438 1439 1440 1441 1442 1443 1444 1445 1446 1447
 1448 1449 1450 1451 1452 1453 1454 1455 1456 1457
 1458 1459 1460 1461 1462 1463 1464 1465 1466 1467
 1468 1469 1470 1471 1472 1473 1474 1475 1476 1477
 1478 1479 1480 1481 1482 1483 1484 1485 1486 1487
 1488 1489 1490 1491 1492 1493 1494 1495 1496 1497
 1498 1499 1500 1501 1502 1503 1504 1505 1506 1507
 1508 1509 1510 1511 1512 1513 1514 1515 1516 1517
 1518 1519 1520 1521 1522 1523 1524 1525 1526 1527
 1528 1529 1530 1531 1532 1533 1534 1535 1536 1537
 1538 1539 1540 1541 1542 1543 1544 1545 1546 1547
 1548 1549 1550 1551 1552 1553 1554 1555 1556 1557
 1558 1559 1560 1561 1562 1563 1564 1565 1566 1567
 1568 1569 1570 1571 1572 1573 1574 1575 1576 1577
 1578 1579 1580 1581 1582 1583 1584 1585 1586 1587
 1588 1589 1590 1591 1592 1593 1594 1595 1596 1597
 1598 1599 1600 1601 1602 1603 1604 1605 1606 1607
 1608 1609 1610 1611 1612 1613 1614 1615 1616 1617
 1618 1619 1620 1621 1622 1623 1624 1625 1626 1627
 1628 1629 1630 1631 1632 1633 1634 1635 1636 1637
 1638 1639 1640 1641 1642 1643 1644 1645 1646 1647
 1648 1649 1650 1651 1652 1653 1654 1655 1656 1657
 1658 1659 1660 1661 1662 1663 1664 1665 1666 1667
 1668 1669 1670 1671 1672 1673 1674 1675 1676 1677
 1678 1679 1680 1681 1682 1683 1684 1685 1686 1687
 1688 1689 1690 1691 1692 1693 1694 1695 1696 1697
 1698 1699 1700 1701 1702 1703 1704 1705 1706 1707
 1708 1709 1710 1711 1712 1713 1714 1715 1716 1717
 1718 1719 1720 1721 1722 1723 1724 1725 1726 1727
 1728 1729 1730 1731 1732 1733 1734 1735 1736 1737
 1738 1739 1740 1741 1742 1743 1744 1745 1746 1747
 1748 1749 1750 1751 1752 1753 1754 1755 1756 1757
 1758 1759 1760 1761 1762 1763 1764 1765 1766 1767
 1768 1769 1770 1771 1772 1773 1774 1775 1776 1777
 1778 1779 1780 1781 1782 1783 1784 1785 1786 1787
 1788 1789 1790 1791 1792 1793 1794 1795 1796 1797
 1798 1799 1800 1801 1802 1803 1804 1805 1806 1807
 1808 1809 1810 1811 1812 1813 1814 1815 1816 1817
 1818 1819 1820 1821 1822 1823 1824 1825 1826 1827
 1828 1829 1830 1831 1832 1833 1834 1835 1836 1837
 1838 1839 1840 1841 1842 1843 1844 1845 1846 1847
 1848 1849 1850 1851 1852 1853 1854 1855 1856 1857
 1858 1859 1860 1861 1862 1863 1864 1865 1866 1867
 1868 1869 1870 1871 1872 1873 1874 1875 1876 1877
 1878 1879 1880 1881 1882 1883 1884 1885 1886 1887
 1888 1889 1890 1891 1892 1893 1894 1895 1896 1897
 1898 1899 1900 1901 1902 1903 1904 1905 1906 1907
 1908 1909 1910 1911 1912 1913 1914 1915 1916 1917
 1918 1919 1920 1921 1922 1923 1924 1925 1926 1927
 1928 1929 1930 1931 1932 1933 1934 1935 1936 1937
 1938 1939 1940 1941 1942 1943 1944 1945 1946 1947
 1948 1949 1950 1951 1952 1953 1954 1955 1956 1957
 1958 1959 1960 1961 1962 1963 1964 1965 1966 1967
 1968 1969 1970 1971 1972 1973 1974 1975 1976 1977
 1978 1979 1980 1981 1982 1983 1984 1985 1986 1987
 1988 1989 1990 1991 1992 1993 1994 1995 1996 1997
 1998 1999 2000 2001 2002 2003 2004 2005 2006 2007
 2008 2009 2010 2011 2012 2013 2014 2015 2016 2017
 2018 2019 2020 2021 2022 2023 2024 2025 2026 2027
 2028 2029 2030 2031 2032 2033 2034 2035 2036 2037
 2038 2039 2040 2041 2042 2043 2044 2045 2046 2047
 2048 2049 2050 2051 2052 2053 2054 2055 2056 2057
 2058 2059 2060 2061 2062 2063 2064 2065 2066 2067
 2068 2069 2070 2071 2072 2073 2074 2075 2076 2077
 2078 2079 2080 2081 2082 2083 2084 2085 2086 2087
 2088 2089 2090 2091 2092 2093 2094 2095 2096 2097
 2098 2099 2100 2101 2102 2103 2104 2105 2106 2107
 2108 2109 2110 2111 2112 2113 2114 2115 2116 2117
 2118 2119 2120 2121 2122 2123 2124 2125 2126 2127
 2128 2129 2130 2131 2132 2133 2134 2135 2136 2137
 2138 2139 2140 2141 2142 2143 2144 2145 2146 2147
 2148 2149 2150 2151 2152 2153 2154 2155 2156 2157
 2158 2159 2160 2161 2162 2163 2164 2165 2166 2167
 2168 2169 2170 2171 2172 2173 2174 2175 2176 2177
 2178 2179 2180 2181 2182 2183 2184 2185 2186 2187
 2188 2189 2190 2191 2192 2193 2194 2195 2196 2197
 2198 2199 2200 2201 2202 2203 2204 2205 2206 2207
 2208 2209 2210 2211 2212 2213 2214 2215 2216 2217
 2218 2219 2220 2221 2222 2223 2224 2225 2226 2227
 2228 2229 2230 2231 2232 2233 2234 2235 2236 2237
 2238 2239 2240 2241 2242 2243 2244 2245 2246 2247
 2248 2249 2250 2251 2252 2253 2254 2255 2256 2257
 2258 2259 2260 2261 2262 2263 2264 2265 2266 2267
 2268 2269 2270 2271 2272 2273 2274 2275 2276 2277
 2278 2279 2280 2281 2282 2283 2284 2285 2286 2287
 2288 2289 2290 2291 2292 2293 2294 2295 2296 2297
 2298 2299 2300 2301 2302 2303 2304 2305 2306 2307
 2308 2309 2310 2311 2312 2313 2314 2315 2316 2317
 2318 2319 2320 2321 2322 2323 2324 2325 2326 2327
 2328 2329 2330 2331 2332 2333 2334 2335 2336 2337
 2338 2339 2340 2341 2342 2343 2344 2345 2346 2347
 2348 2349 2350 2351 2352 2353 2354 2355 2356 2357
 2358 2359 2360 2361 2362 2363 2364 2365 2366 2367
 2368 2369 2370 2371 2372 2373 2374 2375 2376 2377
 2378 2379 2380 2381 2382 2383 2384 2385 2386 2387
 2388 2389 2390 2391 2392 2393 2394 2395 2396 2397
 2398 2399 2400 2401 2402 2403 2404 2405 2406 2407
 2408 2409 2410 2411 2412 2413 2414 2415 2416 2417
 2418 2419 2420 2421 2422 2423 2424 2425 2426 2427
 2428 2429 2430 2431 2432 2433 2434 2435 2436 2437
 2438 2439 2440 2441 2442 2443 2444 2445 2446 2447
 2448 2449 2450 2451 2452 2453 2454 2455 2456 2457
 2458 2459 2460 2461 2462 2463 2464 2465 2466 2467
 2468 2469 2470 2471 2472 2473 2474 2475 2476 2477
 2478 2479 2480 2481 2482 2483 2484 2485 2486 2487
 2488 2489 2490 2491 2492 2493 2494 2495 2496 2497
 2498 2499 2500 2501 2502 2503 2504 2505 2506 2507
 2508 2509 2510 2511 2512 2513 2514 2515 2516 2517
 2518 2519 2520 2521 2522 2523 2524 2525 2526 2527
 2528 2529 2530 2531 2532 2533 2534 2535 2536 2537
 2538 2539 2540 2541 2542 2543 2544 2545 2546 2547
 2548 2549 2550 2551 2552 2553 2554 2555 2556 2557
 2558 2559 2560 2561 2562 2563 2564 2565 2566 2567
 2568 2569 2570 2571 2572 2573 2574 2575 2576 2577
 2578 2579 2580 2581 2582 2583 2584 2585 2586 2587
 2588 2589 2590 2591 2592 2593 2594 2595 2596 2597
 2598 2599 2600 2601 2602 2603 2604 2605 2606 2607
 2608 2609 2610 2611 2612 2613 2614 2615 2616 2617
 2618 2619 2620 2621 2622 2623 2624 2625 2626 2627
 2628 2629 2630 2631 2632 2633 2634 2635 2636 2637
 2638 2639 2640 2641 2642 2643 2644 2645 2646 2647
 2648 2649 2650 2651 2652 2653 2654 2655 2656 2657
 2658 2659 2660 2661 2662 2663 2664 2665 2666 2667
 2668 2669 2670 2671 2672 2673 2674 2675 2676 2677
 2678 2679 2680 2681 2682 2683 2684 2685 2686 2687
 2688 2689 2690 2691 2692 2693 2694 2695 2696 2697
 2698 2699 2700 2701 2702 2703 2704 2705 2706 2707
 2708 2709 2710 2711 2712 2713 2714 2715 2716 2717
 2718 2719 2720 2721 2722 2723 2724 2725 2726 2727
 2728 2729 2730 2731 2732 2733 2734 2735 2736 2737
 2738 2739 2740 2741 2742 2743 2744 2745 2746 2747
 2748 2749 2750 2751 2752 2753 2754 2755 2756 2757
 2758 2759 2760 2761 2762 2763 2764 2765 2766 2767
 2768 2769 2770 2771 2772 2773 2774 2775 2776 2777
 2778 2779 2780 2781 2782 2783 2784 2785 2786 2787
 2788 2789 2790 2791 2792 2793 2794 2795 2796 2797
 2798 2799 2800 2801 2802 2803 2804 2805 2806 2807
 2808 2809 2810 2811 2812 2813 2814 2815 2816 2817
 2818 2819 2820 2821 2822 2823 2824 2825 2826 2827
 2828 2829 2830 2831 2832 2833 2834 2835 2836 2837
 2838 2839 2840 2841 2842 2843 2844 2845 2846 2847
 2848 2849 2850 2851 2852 2853 2854 2855 2856 2857
 2858 2859 2860 2861 2862 2863 2864 2865 2866 2867
 2868 2869 2870 2871 2872 2873 2874 2875 2876 2877
 2878 2879 2880 2881 2882 2883 2884 2885 2886 2887
 2888 2889 2890 2891 2892 2893 2894 2895 2896 2897
 2898 2899 2900 2901 2902 2903 2904 2905 2906 2907
 2908 2909 2910 2911 2912 2913 2914 2915 2916 2917
 2918 2919 2920 2921 2922 2923 2924 2925 2926 2927
 2928 2929 2930 2931 2932 2933 2934 2935 2936 2937
 2938 2939 2940 2941 2942 2943 2944 2945 2946 2947
 2948 2949 2950 2951 2952 2953 2954 2955 2956 2957
 2958 2959 2960 2961 2962 2963 2964 2965 2966 2967
 2968 2969 2970 2971 2972 2973 2974 2975 2976 2977
 2978 2979 2980 2981 2982 2983 2984 2985 2986 2987
 2988 2989 2990 2991 2992 2993 2994 2995 2996 2997
 2998 2999 3000 3001 3002 3003 3004 3005 3006 3007
 3008 3009 3010 3011 3012 3013 3014 3015 3016 3017
 3018 3019 3020 3021 3022 3023 3024 3025 3026 3027
 3028 3029 3030 3031 3032 3033 3034 3035 3036 3037
 3038 3039 3040 3041 3042 3043 3044 3045 3046 3047
 3048 3049 3050 3051 3052 3053 3054 3055 3056 3057
 3058 3059 3060 3061 3062 3063 3064 3065 3066 3067
 3068 3069 3070 3071 3072 3073 3074 3075 3076 3077
 3078 3079 3080 3081 3082 3083 3084 3085 3086 3087
 3088 3089 3090 3091 3092 3093 3094 3095 3096 3097
 3098 3099 3100 3101 3102 3103 3104 3105 3106 3107
 3108 3109 3110 3111 3112 3113 3114 3115 3116 3117
 3118 3119 3120 3121 3122 3123 3124 3125 3126 3127
 3128 3129 3130 3131 3132 3133 3134 3135 3136 3137
 3138 3139 3140 3141 3142 3143 3144 3145 3146 3147
 3148 3149 3150 3151 3152 3153 3154 3155 3156 3157
 3158 3159 3160 3161 3162 3163 3164 3165 3166 3167
 3168 3169 3170 3171 3172 3173 3174 3175 3176 3177
 3178 3179 3180 3181 3182 3183 3184 3185 3186 3187
 3188 3189 3190 3191 3192 3193 3194 3195 3196 3197
 3198 3199 3200 3201 3202 3203 3204 3205 3206 3207
 3208 3209 3210 3211 3212 3213 3214 3215 3216 3217
 3218 3219 3220 3221 3222 3223 3224 3225 3226 3227
 3228 3229 3230 3231 3232 3233 3234 3235 3236 3237
 3238 3239 3240 3241 3242 3243 3244 3245 3246 3247
 3248 3249 3250 3251 3252 3253 3254 3255 3256 3257
 3258 3259 3260 3261 3262 3263 3264 3265 3266 3267
 3268 3269 3270 3271 3272 3273 3274 3275 3276 3277
 3278 3279 3280 3281 3282 3283 3284 3285 3286 3287
 3288 3289 3290 3291 3292 3293 3294 3295 3296 3297
 3298 3299 3300 3301 3302 3303 3304 3305 3306 3307
 3308 3309 3310 3311 3312 3313 3314 3315 3316 3317
 3318 3319 3320 3321 3322 3323 3324 3325 3326 3327
 3328 3329 3330 3331 3332 3333 3334 3335 3336 3337
 3338 3339 3340 3341 3342 3343 3344 3345 3346 3347
 3348 3349 3350 3351 3352 3353 3354 3355 3356 3357
 3358 3359 3360 3361 3362 3363 3364 3365 3366 3367
 3368 3369 3370 3371 3372 3373 3374 3375 3376 3377
 3378 3379 3380 3381 3382 3383 3384 3385 3386 3387
 3388 3389 3390 3391 3392 3393 3394 3395 3396 3397
 3398 3399 3400 3401 3402 3403 3404 3405 3406 3407
 3408 3409 3410 3411 3412 3413 3414 3415 3416 3417
 3418 3419 3420 3421 3422 3423 3424 3425 3426 3427
 3428 3429 3430 3431 3432 3433 3434 3435 3436 3437
 3438 3439 3440 3441 3442 3443 3444 3445 3446 3447
 3448 3449 3450 3451 3452 3453 3454 3455 3456 3457
 3458 3459 3460 3461 3462 3463 3464 3465 3466 3467
 3468 3469 3470 3471 3472 3473 3474 3475 3476 3477
 3478 3479 3480 3481 3482 3483 3484 3485 3486 3487
 3488 3489 3490 3491 3492 3493 3494 3495 3496 3497
 3498 3499 3500 3501 3502 3503 3504 3505 3506 3507
 3508 3509 3510 3511 3512 3513 3514 3515 3516 3517
 3518 3519 3520 3521 3522 3523 3524 3525 3526 3527
 3528 3529 3530 3531 3532 3533 3534 3535 3536 3537
 3538 3539 3540 3541 3542 3543 3544 3545 3546 3547
 3548 3549 3550 3551 3552 3553 3554 3555 3556 3557
 3558 3559 3560 3561 3562 3563 3564 3565 3566 3567
 3568 3569 3570 3571 3572 3573 3574 3575 3576 3577
 3578 3579 3580 3581 3582 3583 3584 3585 3586 3587
 3588 3589 3590 3591 3592 3593 3594 3595 3596 3597
 3598 3599 3600 3601 3602 3603 3604 3605 3606 3607
 3608 3609 3610 3611 3612 3613 3614 3615 3616 3617
 3618 3619 0 1 2 3 4 5 6 7
 8 9 10 11 12 13 14 15 16 17
 18 19 20 21 22 23 24 25 26 27
 28 29 30 31 32 33 34 35 36 37
 38 39 40 41 42 43 44 45 46 47
 48 49 50 51 52 53 54 55 56 57
 58 59 60 61 62 63 0 1 2 3
 4 5 6 7 8 9 10 11 12 13
 14 15 16 17 18 19 20 21 22 23
 24 25 26 27 28 29 30 31 32 33
 34 35 36 37 38 39 40 41 42 43
 44 45 46 47 48 49 50 51 52 53
 54 55 56 57 58 59 60 61 62 63
 64 65 66 67 68 69 70 71 72 73
 74 75 76 77 78 79 80 81 82 83
 84 85 86 87 88 89 90 91 92 93
 94 95 96 97 98 99 100 101 102 103
 104 105 106 107 108 109 110 111 112 113
 114 115 116 117 118 119 120 121 122 123
 124 125 126 127 128 129 130 131 132 133
 134 135 136 137 138 139 140 141 142 143
 144 145 146 147 148 149 150 151 152 153
 154 155 156 157 158 159 160 161 162 163
 164 165 166 167 168 169 170 171 172 173
 174 175 176 177 178 179 180 181 182 183
 184 185 186 187 188 189 190 191 192 193
 194 195 196 197 198 199 200 201 202 203
 204 205 206 207 208 209 210 211 212 213
 214 215 216 217 218 219 220 221 222 223
 224 225 226 227 228 229 230 231 232 233
 234 235 236 237 238 239 240 241 242 243
 244 245 246 247 248 249 250 251 252 253
 254 255 256 257 258 259 260 261 262 263
 264 265 266 267 268 269 270 271 272 273
 274 275 276 277 278 279 280 281 282 283
 284 285 286 287 288 289 290 291 292 293
 294 295 296 297 298 299 300 301 302 303
 304 305 306 307 308 309 310 311 312 313
 314 315 316 317 318 319 320 321 322 323
 324 325 326 327 328 329 330 331 332 333
 334 335 336 337 338 339 340 341 342 343
 344 345 346 347 348 349 350 351 352 353
 354 355 356 357 358 359 360 361 362 363
 364 365 366 367 368 369 370 371 372 373
 374 375 376 377 378 379 380 381 382 383
 384 385 386 387 388 389 390 391 392 393
 394 395 396 397 398 399 400 401 402 403
 404 405 406 407 408 409 410 411 412 413
 414 415 416 417 418 419 420 421 422 423
 424 425 426 427 428 429 430 431 432 433
 434 435 436 437 438 439 440 441 442 443
 444 445 446 447 448 449 450 451 452 453
 454 455 456 457 458 459 460 461 462 463
 464 465 466 467 468 469 470 471 472 473
 474 475 476 477 478 479 480 481 482 483
 484 485 486 487 488 489 490 491 492 493
 494 495 496 497 498 499 500 501 502 503
 504 505 506 507 508 509 510 511 512 513
 514 515 516 517 518 519 520 521 522 523
 524 525 526 527 528 529 530 531 532 533
 534 535 536 537 538 539 540 541 542 543
 544 545 546 547 548 549 550 551 552 553
 554 555 556 557 558 559 560 561 562 563
 564 565 566 567 568 569 570 571 572 573
 574 575 576 577 578 579 580 581 582 583
 584 585 586 587 588 589 590 591 592 593
 594 595 596 597 598 599 600 601 602 603
 604 605 606 607 608 609 610 611 612 613
 614 615 616 617 618 619 620 621 622 623
 624 625 626 627 628 629 630 631 632 633
 634 635 636 637 638 639 640 641 642 643
 644 645 646 647 648 649 650 651 652 653
 654 655 656 657 658 659 660 661 662 663
 664 665 666 667 668 669 670 671 672 673
 674 675 676 677 678 679 680 681 682 683
 684 685 686 687 688 689 690 691 692 693
 694 695 696 697 698 699 700 701 702 703
 704 705 706 707 708 709 710 711 712 713
 714 715 716 717 718 719 720 721 722 723
 724 725 726 727 728 729 730 731 732 733
 734 735 736 737 738 739 740 741 742 743
 744 745 746 747 748 749 750 751 752 753
 754 755 756 757 758 759 760 761 762 763
 764 765 766 767 768 769 770 771 772 773
 774 775 776 777 778 779 780 781 782 783
 784 785 786 787 788 789 790 791 792 793
 794 795 796 797 798 799 800 801 802 803
 804 805 806 807 808 809 810 811 812 813
 814 815 816 817 818 819 820 821 822 823
 824 825 826 827 828 829 830 831 832 833
 834 835 836 837 838 839 840 841 842 843
 844 845 846 847 848 849 850 851 852 853
 854 855 856 857 858 859 860 861 862 863
 864 865 866 867 868 869 870 871 872 873
 874 875 876 877 878 879 880 881 882 883
 884 885 886 887 888 889 890 891 892 893
 894 895 896 897 898 899 900 901 902 903
 904 905 906 907 908 909 910 911 912 913
 914 915 916 917 918 919 920 921 922 923
 924 925 926 927 928 929 930 931 932 933
 934 935 936 937 938 939 940 941 942 943
 944 945 946 947 948 949 950 951 952 953
 954 955 956 957 958 959 960 961 962 963
 964 965 966 967 968 969 970 971 972 973
 974 975 976 977 978 979 980 981 982 983
 984 985 986 987 988 989 990 991 992 993
 994 995 996 997 998 999 1000 1001 1002 1003
 1004 1005 1006 1007 1008 1009 1010 1011 1012 1013
 1014 1015 1016 1017 1018 1019 1020 1021 1022 1023
 1024 1025 1026 1027 1028 1029 1030 1031 1032 1033
 1034 1035 1036 1037 1038 1039 1040 1041 1042 1043
 1044 1045 1046 1047 1048 1049 1050 1051 1052 1053
 1054 1055 1056 1057 1058 1059 1060 1061 1062 1063
 1064 1065 1066 1067 1068 1069 1070 1071 1072 1073
 1074 1075 1076 1077 1078 1079 1080 1081 1082 1083
 1084 1085 1086 1087 1088 1089 1090 1091 1092 1093
 1094 1095 1096 1097 1098 1099 1100 1101 1102 1103
 1104 1105 1106 1107 1108 1109 1110 1111 1112 1113
 1114 1115 1116 1117 1118 1119 1120 1121 1122 1123
 1124 1125 1126 1127 1128 1129 1130 1131 1132 1133
 1134 1135 1136 1137 1138 1139 1140 1141 1142 1143
 1144 1145 1146 1147 1148 1149 1150 1151 1152 1153
 1154 1155 1156 1157 1158 1159 1160 1161 1162 1163
 1164 1165 1166 1167 1168 1169 1170 1171 1172 1173
 1174 1175 1176 1177 1178 1179 1180 1181 1182 1183
 1184 1185 1186 1187 1188 1189 1190 1191 1192 1193
 1194 1195 1196 1197 1198 1199 1200 1201 1202 1203
 1204 1205 1206 1207 1208 1209 1210 1211 1212 1213
 1214 1215 1216 1217 1218 1219 1220 1221 1222 1223
 1224 1225 1226 1227 1228 1229 1230 1231 1232 1233
 1234 1235 1236 1237 1238 1239 1240 1241 1242 1243
 1244 1245 1246 1247 1248 1249 1250 1251 1252 1253
 1254 1255 1256 1257 1258 1259 1260 1261 1262 1263
 1264 1265 1266 1267 1268 1269 1270 1271 1272 1273
 1274 1275 1276 1277 1278 1279 1280 1281 1282 1283
 1284 1285 1286 1287 1288 1289 1290 1291 1292 1293
 1294 1295 1296 1297 1298 1299 1300 1301 1302 1303
 1304 1305 1306 1307 1308 1309 1310 1311 1312 1313
 1314 1315 1316 1317 1318 1319 1320 1321 1322 1323
 1324 1325 1326 1327 1328 1329 1330 1331 1332 1333
 1334 1335 1336 1337 1338 1339 1340 1341 1342 1343
 1344 1345 1346 1347 1348 1349 1350 1351 1352 1353
 1354 1355 1356 1357 1358 1359 1360 1361 1362 1363
 1364 1365 1366 1367 1368 1369 1370 1371 1372 1373
 1374 1375 1376 1377 1378 1379 1380 1381 1382 1383
 1384 1385 1386 1387 1388 1389 1390 1391 1392 1393
 1394 1395 1396 1397 1398 1399 1400 1401 1402 1403
 1404 1405 1406 1407 1408 1409 1410 1411 1412 1413
 1414 1415 1416 1417 1418 1419 1420 1421 1422 1423
 1424 1425 1426 1427 1428 1429 1430 1431 1432 1433
 1434 1435 1436 1437 1438 1439 1440 1441 1442 1443
 1444 1445 1446 1447 1448 1449 1450 1451 1452 1453
 1454 1455 1456 1457 1458 1459 1460 1461 1462 1463
 1464 1465 1466 1467 1468 1469 1470 1471 1472 1473
 1474 1475 1476 1477 1478 1479 1480 1481 1482 1483
 1484 1485 1486 1487 1488 1489 1490 1491 1492 1493
 1494 1495 1496 1497 1498 1499 1500 1501 1502 1503
 1504 1505 1506 1507 1508 1509 1510 1511 1512 1513
 1514 1515 1516 1517 1518 1519 1520 1521 1522 1523
 1524 1525 1526 1527 1528 1529 1530 1531 1532 1533
 1534 1535 1536 1537 1538 1539 1540 1541 1542 1543
 1544 1545 1546 1547 1548 1549 1550 1551 1552 1553
 1554 1555 1556 1557 1558 1559 1560 1561 1562 1563
 1564 1565 1566 1567 1568 1569 1570 1571 1572 1573
 1574 1575 1576 1577 1578 1579 1580 1581 1582 1583
 1584 1585 1586 1587 1588 1589 1590 1591 1592 1593
 1594 1595 1596 1597 1598 1599 1600 1601 1602 1603
 1604 1605 1606 1607 1608 1609 1610 1611 1612 1613
 1614 1615 1616 1617 1618 1619 1620 1621 1622 1623
 1624 1625 1626 1627 1628 1629 1630 1631 1632 1633
 1634 1635 1636 1637 1638 1639 1640 1641 1642 1643
 1644 1645 1646 1647 1648 1649 1650 1651 1652 1653
 1654 1655 1656 1657 1658 1659 1660 1661 1662 1663
 1664 1665 1666 1667 1668 1669 1670 1671 1672 1673
 1674 1675 1676 1677 1678 1679 1680 1681 1682 1683
 1684 1685 1686 1687 1688 1689 1690 1691 1692 1693
 1694 1695 1696 1697 1698 1699 1700 1701 1702 1703
 1704 1705 1706 1707 1708 1709 1710 1711 1712 1713
 1714 1715 1716 1717 1718 1719 1720 1721 1722 1723
 1724 1725 1726 1727 1728 1729 1730 1731 1732 1733
 1734 1735 1736 1737 1738 1739 1740 1741 1742 1743
 1744 1745 1746 1747 1748 1749 1750 1751 1752 1753
 1754 1755 1756 1757 1758 1759 1760 1761 1762 1763
 1764 1765 1766 1767 1768 1769 1770 1771 1772 1773
 1774 1775 1776 1777 1778 1779 1780 1781 1782 1783
 1784 1785 1786 1787 1788 1789 1790 1791 1792 1793
 1794 1795 1796 1797 1798 1799 1800 1801 1802 1803
 1804 1805 1806 1807 1808 1809 1810 1811 1812 1813
 1814 1815 1816 1817 1818 1819 1820 1821 1822 1823
 1824 1825 1826 1827 1828 1829 1830 1831 1832 1833
 1834 1835 1836 1837 1838 1839 1840 1841 1842 1843
 1844 1845 1846 1847 1848 1849 1850 1851 1852 1853
 1854 1855 1856 1857 1858 1859 1860 1861 1862 1863
 1864 1865 1866 1867 1868 1869 1870 1871 1872 1873
 1874 1875 1876 1877 1878 1879 1880 1881 1882 1883
 1884 1885 1886 1887 1888 1889 1890 1891 1892 1893
 1894 1895 1896 1897 1898 1899 1900 1901 1902 1903
 1904 1905 1906 1907 1908 1909 1910 1911 1912 1913
 1914 1915 1916 1917 1918 1919 1920 1921 1922 1923
 1924 1925 1926 1927 1928 1929 1930 1931 1932 1933
 1934 1935 1936 1937 1938 1939 1940 1941 1942 1943
 1944 1945 1946 1947 1948 1949 1950 1951 1952 1953
 1954 1955 1956 1957 1958 1959 1960 1961 1962 1963
 1964 1965 1966 1967 1968 1969 1970 1971 1972 1973
 1974 1975 1976 1977 1978 1979 1980 1981 1982 1983
 1984 1985 1986 1987 1988 1989 1990 1991 1992 1993
 1994 1995 1996 1997 1998 1999 2000 2001 2002 2003
 2004 2005 2006 2007 2008 2009 2010 2011 2012 2013
 2014 2015 2016 2017 2018 2019 2020 2021 2022 2023
 2024 2025 2026 2027 2028 2029 2030 2031 2032 2033
 2034 2035 2036 2037 2038 2039 2040 2041 2042 2043
 2044 2045 2046 2047 2048 2049 2050 2051 2052 2053
 2054 2055 2056 2057 2058 2059 2060 2061 2062 2063
 2064 2065 2066 2067 2068 2069 2070 2071 2072 2073
 2074 2075 2076 2077 2078 2079 2080 2081 2082 2083
 2084 2085 2086 2087 2088 2089 2090 2091 2092 2093
 2094 2095 2096 2097 2098 2099 2100 2101 2102 2103
 2104 2105 2106 2107 2108 2109 2110 2111 2112 2113
 2114 2115 2116 2117 2118 2119 2120 2121 2122 2123
 2124 2125 2126 2127 2128 2129 2130 2131 2132 2133
 2134 2135 2136 2137 2138 2139 2140 2141 2142 2143
 2144 2145 2146 2147 2148 2149 2150 2151 2152 2153
 2154 2155 2156 2157 2158 2159 2160 2161 2162 2163
 2164 2165 2166 2167 2168 2169 2170 2171 2172 2173
 2174 2175 2176 2177 2178 2179 2180 2181 2182 2183
 2184 2185 2186 2187 2188 2189 2190 2191 2192 2193
 2194 2195 2196 2197 2198 2199 2200 2201 2202 2203
 2204 2205 2206 2207 2208 2209 2210 2211 2212 2213
 2214 2215 2216 2217 2218 2219 2220 2221 2222 2223
 2224 2225 2226 2227 2228 2229 2230 2231 2232 2233
 2234 2235 2236 2237 2238 2239 2240 2241 2242 2243
 2244 2245 2246 2247 2248 2249 2250 2251 2252 2253
 2254 2255 2256 2257 2258 2259 2260 2261 2262 2263
 2264 2265 2266 2267 2268 2269 2270 2271 2272 2273
 2274 2275 2276 2277 2278 2279 2280 2281 2282 2283
 2284 2285 2286 2287 2288 2289 2290 2291 2292 2293
 2294 2295 2296 2297 2298 2299 2300 2301 2302 2303
 2304 2305 2306 2307 2308 2309 2310 2311 2312 2313
 2314 2315 2316 2317 2318 2319 2320 2321 2322 2323
 2324 2325 2326 2327 2328 2329 2330 2331 2332 2333
 2334 2335 2336 2337 2338 2339 2340 2341 2342 2343
 2344 2345 2346 2347 2348 2349 2350 2351 2352 2353
 2354 2355 2356 2357 2358 2359 2360 2361 2362 2363
 2364 2365 2366 2367 2368 2369 2370 2371 2372 2373
 2374 2375 2376 2377 2378 2379 2380 2381 2382 2383
 2384 2385 2386 2387 2388 2389 2390 2391 2392 2393
 2394 2395 2396 2397 2398 2399 2400 2401 2402 2403
 2404 2405 2406 2407 2408 2409 2410 2411 2412 2413
 2414 2415 2416 2417 2418 2419 2420 2421 2422 2423
 2424 2425 2426 2427 2428 2429 2430 2431 2432 2433
 2434 2435 2436 2437 2438 2439 2440 2441 2442 2443
 2444 2445 2446 2447 2448 2449 2450 2451 2452 2453
 2454 2455 2456 2457 2458 2459 2460 2461 2462 2463
 2464 2465 2466 2467 2468 2469 2470 2471 2472 2473
 2474 2475 2476 2477 2478 2479 2480 2481 2482 2483
 2484 2485 2486 2487 2488 2489 2490 2491 2492 2493
 2494 2495 2496 2497 2498 2499 2500 2501 2502 2503
 2504 2505 2506 2507 2508 2509 2510 2511 2512 2513
 2514 2515 2516 2517 2518 2519 2520 2521 2522 2523
 2524 2525 2526 2527 2528 2529 2530 2531 2532 2533
 2534 2535 2536 2537 2538 2539 2540 2541 2542 2543
 2544 2545 2546 2547 2548 2549 2550 2551 2552 2553
 2554 2555 2556 2557 2558 2559 2560 2561 2562 2563
 2564 2565 2566 2567 2568 2569 2570 2571 2572 2573
 2574 2575 2576 2577 2578 2579 2580 2581 2582 2583
 2584 2585 2586 2587 2588 2589 2590 2591 2592 2593
 2594 2595 2596 2597 2598 2599 2600 2601 2602 2603
 2604 2605 2606 2607 2608 2609 2610 2611 2612 2613
 2614 2615 2616 2617 2618 2619 2620 2621 2622 2623
 2624 2625 2626 2627 2628 2629 2630 2631 2632 2633
 2634 2635 2636 2637 2638 2639 2640 2641 2642 2643
 2644 2645 2646 2647 2648 2649 2650 2651 2652 2653
 2654 2655 2656 2657 2658 2659 2660 2661 2662 2663
 2664 2665 2666 2667 2668 2669 2670 2671 2672 2673
 2674 2675 2676 2677 2678 2679 2680 2681 2682 2683
 2684 2685 2686 2687 2688 2689 2690 2691 2692 2693
 2694 2695 2696 2697 2698 2699 2700 2701 2702 2703
 2704 2705 2706 2707 2708 2709 2710 2711 2712 2713
 2714 2715 2716 2717 2718 2719 2720 2721 2722 2723
 2724 2725 2726 2727 2728 2729 2730 2731 2732 2733
 2734 2735 2736 2737 2738 2739 2740 2741 2742 2743
 2744 2745 2746 2747 2748 2749 2750 2751 2752 2753
 2754 2755 2756 2757 2758 2759 2760 2761 2762 2763
 2764 2765 2766 2767 2768 2769 2770 2771 2772 2773
 2774 2775 2776 2777 2778 2779 2780 2781 2782 2783
 2784 2785 2786 2787 2788 2789 2790 2791 2792 2793
 2794 2795 2796 2797 2798 2799 2800 2801 2802 2803
 2804 2805 2806 2807 2808 2809 2810 2811 2812 2813
 2814 2815 2816 2817 2818 2819 2820 2821 2822 2823
 2824 2825 2826 2827 2828 2829 2830 2831 2832 2833
 2834 2835 2836 2837 2838 2839 2840 2841 2842 2843
 2844 2845 2846 2847 2848 2849 2850 2851 2852 2853
 2854 2855 2856 2857 2858 2859 2860 2861 2862 2863
 2864 2865 2866 2867 2868 2869 2870 2871 2872 2873
 2874 2875 2876 2877 2878 2879 2880 2881 2882 2883
 2884 2885 2886 2887 2888 2889 2890 2891 2892 2893
 2894 2895 2896 2897 2898 2899 2900 2901 2902 2903
 2904 2905 2906 2907 2908 2909 2910 2911 2912 2913
 2914 2915 2916 2917 2918 2919 2920 2921 2922 2923
 2924 2925 2926 2927 2928 2929 2930 2931 2932 2933
 2934 2935 2936 2937 2938 2939 2940 2941 2942 2943
 2944 2945 2946 2947 2948 2949 2950 2951 2952 2953
 2954 2955 2956 2957 2958 2959 2960 2961 2962 2963
 2964 2965 2966 2967 2968 2969 2970 2971 2972 2973
 2974 2975 2976 2977 2978 2979 2980 2981 2982 2983
 2984 2985 2986 2987 2988 2989 2990 2991 2992 2993
 2994 2995 2996 2997 2998 2999 3000 3001 3002 3003
 3004 3005 3006 3007 3008 3009 3010 3011 3012 3013
 3014 3015 3016 3017 3018 3019 3020 3021 3022 3023
 3024 3025 3026 3027 3028 3029 3030 3031 3032 3033
 3034 3035 3036 3037 3038 3039 3040 3041 3042 3043
 3044 3045 3046 3047 3048 3049 3050 3051 3052 3053
 3054 3055 3056 3057 3058 3059 3060 3061 3062 3063
 3064 3065 3066 3067 3068 3069 3070 3071 3072 3073
 3074 3075 3076 3077 3078 3079 3080 3081 3082 3083
 3084 3085 3086 3087 3088 3089 3090 3091 3092 3093
 3094 3095 3096 3097 3098 3099 3100 3101 3102 3103
 3104 3105 3106 3107 3108 3109 3110 3111 3112 3113
 3114 3115 3116 3117 3118 3119 3120 3121 3122 3123
 3124 3125 3126 3127 3128 3129 3130 3131 3132 3133
 3134 3135 3136 3137 3138 3139 3140 3141 3142 3143
 3144 3145 3146 3147 3148 3149 3150 3151 3152 3153
 3154 3155 3156 3157 3158 3159 3160 3161 3162 3163
 3164 3165 3166 3167 3168 3169 3170 3171 3172 3173
 3174 3175 3176 3177 3178 3179 3180 3181 3182 3183
 3184 3185 3186 3187 3188 3189 3190 3191 3192 3193
 3194 3195 3196 3197 3198 3199 3200 3201 3202 3203
 3204 3205 3206 3207 3208 3209 3210 3211 3212 3213
 3214 3215 3216 3217 3218 3219 3220 3221 3222 3223
 3224 3225 3226 3227 3228 3229 3230 3231 3232 3233
 3234 3235 3236 3237 3238 3239 3240 3241 3242 3243
 3244 3245 3246 3247 3248 3249 3250 3251 3252 3253
 3254 3255 3256 3257 3258 3259 3260 3261 3262 3263
 3264 3265 3266 3267 3268 3269 3270 3271 3272 3273
 3274 3275 3276 3277 3278 3279 3280 3281 3282 3283
 3284 3285 3286 3287 3288 3289 3290 3291 3292 3293
 3294 3295 3296 3297 3298 3299 3300 3301 3302 3303
 3304 3305 3306 3307 3308 3309 3310 3311 3312 3313
 3314 3315 3316 3317 3318 3319 3320 3321 3322 3323
 3324 3325 3326 3327 3328 3329 3330 3331 3332 3333
 3334 3335 3336 3337 3338 3339 3340 3341 3342 3343
 3344 3345 3346 3347 3348 3349 3350 3351 3352 3353
 3354 3355 3356 3357 3358 3359 3360 3361 3362 3363
 3364 3365 3366 3367 3368 3369 3370 3371 3372 3373
 3374 3375 3376 3377 3378 3379 3380 3381 3382 3383
 3384 3385 3386 3387 3388 3389 3390 3391 3392 3393
 3394 3395 3396 3397 3398 3399 3400 3401 3402 3403
 3404 3405 3406 3407 3408 3409 3410 3411 3412 3413
 3414 3415 3416 3417 3418 3419 3420 3421 3422 3423
 3424 3425 3426 3427 3428 3429 3430 3431 3432 3433
 3434 3435 3436 3437 3438 3439 3440 3441 3442 3443
 3444 3445 3446 3447 3448 3449 3450 3451 3452 3453
 3454 3455 3456 3457 3458 3459 3460 3461 3462 3463
 3464 3465 3466 3467 3468 3469 3470 3471 3472 3473
 3474 3475 3476 3477 3478 3479 3480 3481 3482 3483
 3484 3485 3486 3487 3488 3489 3490 3491 3492 3493
 3494 3495 3496 3497 3498 3499 3500 3501 3502 3503
 3504 3505 3506 3507 3508 3509 3510 3511 3512 3513
 3514 3515 3516 3517 3518 3519 3520 3521 3522 3523
 3524 3525 3526 3527 3528 3529 3530 3531 3532 3533
 3534 3535 3536 3537 3538 3539 3540 3541 3542 3543
 3544 3545 3546 3547 3548 3549 3550 3551 3552 3553
 3554 3555 3556 3557 3558 3559 3560 3561 3562 3563
 3564 3565 3566 3567 3568 3569 3570 3571 3572 3573
 3574 3575 3576 3577 3578 3579 3580 3581 3582 3583
 3584 3585 3586 3587 3588 3589 3590 3591 3592 3593
 3594 3595 3596 3597 3598 3599 3600 3601 3602 3603
 3604 3605 3606 3607 3608 3609 3610 3611 3612 3613
 3614 3615 3616 3617 3618 3619 3558 3557 3556 3521
 3582 3586 3598 3601 3524 3602 3576 3579 3545 3547
 3561 3560 3610 3526 3580 3575 3530 3573 3596 3540
 3607 3550 3553 3617 3617 3559 3585 3535 3534 3583
 3537 3589 3538 3542 3543 3566 3569 3558 3547 3546
 3572 3520 3519 3518 3614 3605 3603 3591 3548 3549
 3618 3561
)
